92082281635
65111765684
75051328397
02233167613
57073078915
52091346518
85091026212
72020231928
79061132344
93071729774
94050265995
06211822712
60020591955
93053184757
83042959576
64121053776
64041027695
92091051863
47080659382
61090637862
65050127912
68012054183
78092793159
75071987992
87012984124
06231985767
94080993277
53010318214
74080511855
60031494531
77032516922
56012757915
05280689219
99083053779
66010671681
85101773941
51103157568
51081545377
47121811238
95091524351
03242319521
95060719294
72071786651
03241776914
67101048937
01292096669
74091111147
62082017523
95042544412
69110657777
72060334397
55022853479
89093059135
74010127767
00271933649
99072876415
06280912363
79122423853
58110536975
81020578579
86052421392
88121616836
83072919928
57051675365
87012586746
96062031649
69083056782
60092929382
88042234175
91052224845
67091193367
48012951918
60060262363
57021872554
89042851337
91012711499
47041043522
82090429671
47050559351
70052966874
82032647367
75062158743
68031553111
54091317545
66042353786
84122074442
62061889682
74111777896
86091789875
64101345538
87090373487
60041647275
66121671554
66113054624
97011263845
04241035568
92081669377
48041563896
56102111122
58090749147
